PREM Dziewonski & Anderson 1981 Table 1
radius1[km] radius2 dens0[g/cm3] dens1 dens2 dens3 Vp0[km/s] vp1 vp2 vp3
0	1222	13.0885	0	-8.8381	0	11.2622	0	-6.3640	0
1222	3480	12.5815	-1.2638	-3.6426	-5.5281	11.0487	-4.0362	4.8023	-13.5732
3480	3630	7.9565	-6.4761	5.5283	-3.0807	15.3891	-5.3181	5.5242	-2.5514
3630	5600	7.9565	-6.4761	5.5283	-3.0807	24.9520	-40.4673	51.4832	-26.6419
5600	5701	7.9565	-6.4761	5.5283	-3.0807	29.2766	-23.6027	5.5242	-2.5514
5701	5771	5.3197	-1.4836	0	0	19.0957	-9.8672	0	0
5771	5971	11.2494	-8.0298	0	0	39.7027	-32.6166	0	0
5971	6151	7.1089	-3.8045	0	0	20.3926	-12.2569	0	0
6151	6347	2.6910	0.6924	0	0	0.8317	7.2180	0	0
6347	6356	2.9	0	0	0	6.8	0	0	0
6356	6368	2.6	0	0	0	5.8	0	0	0
6368	6371.5	1.02	0	0	0	1.45	0	0	0

	